image: map_clear.pgm
resolution: 0.100000
origin: [-84.445511, -184.381088, 0.000000]
negate: 0
occupied_thresh: 0.65
free_thresh: 0.196

